1.6000000000000001 1.6000000000000001 10.0866779510299622
1.6000000000000001 0.2000000000000002 9.9487966478573426
1.6000000000000001 3.0000000000000000 10.1356010781632797
1.6000000000000001 0.9000000000000001 10.0451877083389451
1.6000000000000001 2.2999999999999998 10.1144507496341252
0.2000000000000002 1.6000000000000001 9.9487966473344756
0.2000000000000002 0.2000000000000002 9.6962320400655173
0.2000000000000002 3.0000000000000000 10.0253188340778685
3.0000000000000000 1.6000000000000001 10.1356010716315552
3.0000000000000000 0.2000000000000002 10.0253188338572699
3.0000000000000000 3.0000000000000000 10.1754515349082553
0.9000000000000001 1.6000000000000001 10.0451877085504524
2.2999999999999998 1.6000000000000001 10.1144507496341838
