1.6000000000000001 1.6000000000000001 -239.9486559492514459
1.6000000000000001 0.2000000000000002 -240.0349134621718008
1.6000000000000001 3.0000000000000000 -239.9173799153643074
1.6000000000000001 0.9000000000000001 -239.9749771805409182
1.6000000000000001 2.2999999999999998 -239.9309096154311192
0.2000000000000002 1.6000000000000001 -240.0348058845626724
0.2000000000000002 0.2000000000000002 -240.1897786790331679
0.2000000000000002 3.0000000000000000 -239.9863687604556048
3.0000000000000000 1.6000000000000001 -239.9173374919849948
3.0000000000000000 0.2000000000000002 -239.9864339117519307
3.0000000000000000 3.0000000000000000 -239.8918092250498262
0.9000000000000001 1.6000000000000001 -239.9748696025306458
2.2999999999999998 1.6000000000000001 -239.9308828026031506
