1.0000000000000000 137.5976109604912381 137.1172435509259344
2.0000000000000000 110.0689302190725414 109.6854367123676468
3.0000000000000000 88.0477797151235109 87.7416606950761491
4.0000000000000000 70.4323023128626460 70.1879768238573121
5.0000000000000000 56.3410803308441928 56.1461002339793112
6.0000000000000000 45.0690351669916822 44.9134560021236595
7.0000000000000000 36.0521487594845098 35.9280266434244240
8.0000000000000000 28.8392426247515914 28.7402321951057687
9.0000000000000000 23.0694027895743830 22.9904359565393257
10.0000000000000000 18.4539211680570361 18.3909504220525761
