TASMANIAN SG 4.0
WARNING: do not edit this manually
localpolynomial
2 1 1 4
localp
1 2 59 0 0 0 1 0 2 0 3 0 4 0 5 0 6 0 7 0 8 0 9 0 10 0 11 0 12 0 13 0 14 0 15 0 16 1 0 1 1 1 2 1 3 1 4 1 5 1 6 1 7 1 8 2 0 2 1 2 2 2 3 2 4 2 5 2 6 2 7 2 8 3 0 3 1 3 2 3 3 3 4 4 0 4 1 4 2 4 3 4 4 5 0 5 1 5 2 6 0 6 1 6 2 7 0 7 1 7 2 8 0 8 1 8 2 9 0 10 0
1  -5.40670006612165253e+02 -6.35732589767712852e-01 1.95363362647185568e-01 1.28820865546003915e-01 1.78312383086449699e-02 7.28464912099298090e-02 1.33552295872050308e-02 6.07556667296194064e-03 3.15382490396132198e-03 3.15343786189714592e-02 8.05252703025871597e-03 3.69151056554528623e-03 2.79395755239875143e-03 1.72411474136424658e-03 1.29260398091446405e-03 8.89219018745279755e-04 6.92232264555059373e-04 -6.32218556196221471e-01 -3.65796987664339213e-01 7.79571467255664174e-02 1.01541454705454726e-01 6.37715414359263377e-03 5.34844369820461907e-02 7.85407693581419153e-03 2.18338617469271412e-03 1.07935678670401103e-03 1.96938216816761269e-01 7.79571471144890893e-02 -1.24422210778902809e-02 -2.16601039205102097e-02 -1.28010951880241919e-03 -1.49284180135964561e-02 -2.57102984886614649e-03 -5.86907810429693200e-04 -2.01364716986063286e-04 1.30577882345619400e-01 1.01541454679249910e-01 -2.16601040516479770e-02 -2.41903691309914848e-02 -2.25551635008969242e-03 1.79049760605494157e-02 6.37715413006390008e-03 -1.28010964374425384e-03 -2.25551694788350687e-03 -6.80629268003940524e-05 7.28464912352819738e-02 5.34844369413463028e-02 -1.49284179892106295e-02 1.21801938681755928e-02 7.85407691245154638e-03 -2.57102938115849611e-03 6.08823432946792309e-03 2.18338612677371202e-03 -5.86907894955857046e-04 3.22617773451838730e-03 1.07935672866688037e-03 -2.01364725796793209e-04 3.15343787290203181e-02 8.05252702684811084e-03
0
0
1 0
0 4 5 6 8 10 12 14 16 18 18 18 18 18 18 18 18 18 21 22 23 25 27 27 27 27 27 30 31 32 34 36 36 36 36 36 40 41 42 42 42 46 47 48 48 48 52 52 52 54 54 54 56 56 56 58 58 58 58 58
17 26 1 2 3 4 5 6 7 8 9 10 11 12 13 14 15 16 35 18 19 20 21 22 23 24 25 40 27 28 29 30 31 32 33 34 45 48 36 37 38 39 51 54 41 42 43 44 57 58 46 47 49 50 52 53 55 56
1 59 1 -5.40670006612165253e+02 -5.41305739201932965e+02 -5.40474643249518067e+02 -5.40859052041503105e+02 -5.40554493692533015e+02 -5.41009549130508049e+02 -5.40751174097247031e+02 -5.40606174585676172e+02 -5.40511414646121580e+02 -5.41126109787601536e+02 -5.40926248058975375e+02 -5.40801421558809466e+02 -5.40707796397153743e+02 -5.40636366484179348e+02 -5.40579041535123679e+02 -5.40532064950308495e+02 -5.40492336715555325e+02 -5.41302225168361474e+02 -5.42303754745793526e+02 -5.41028904658988722e+02 -5.41572627636826041e+02 -5.41141356521222860e+02 -5.41811860263117865e+02 -5.41416217096070795e+02 -5.41213531891944513e+02 -5.41080897408415126e+02 -5.40473068395348491e+02 -5.41030843838001715e+02 -5.40290147253779196e+02 -5.40644795355049609e+02 -5.40365056695774001e+02 -5.40779901523329386e+02 -5.40548147675460655e+02 -5.40413573886698714e+02 -5.40324649514589623e+02 -5.40855538007917744e+02 -5.41572627636838320e+02 -5.40642856175959423e+02 -5.41058681598610292e+02 -5.40730432792908232e+02 -5.40553632527696323e+02 -5.41144009389776784e+02 -5.40365770385231826e+02 -5.40733085662098688e+02 -5.40442578335841631e+02 -5.41006035096904270e+02 -5.41811860263139351e+02 -5.40777962344228058e+02 -5.40750592116173380e+02 -5.41419149148605129e+02 -5.40549140548251785e+02 -5.40605731335601376e+02 -5.41216602675398576e+02 -5.40414705490940378e+02 -5.40510124283787832e+02 -5.41083121079425950e+02 -5.40324934006496846e+02 -5.41122595753903965e+02 -5.40922734025384216e+02
custom
2.00000000000000011e-01 3.00000000000000000e+00
2.00000000000000011e-01 3.00000000000000000e+00
TASMANIAN SG end
