TASMANIAN SG 4.0
WARNING: do not edit this manually
localpolynomial
2 1 1 4
localp
1 2 59 0 0 0 1 0 2 0 3 0 4 0 5 0 6 0 7 0 8 0 9 0 10 0 11 0 12 0 13 0 14 0 15 0 16 1 0 1 1 1 2 1 3 1 4 1 5 1 6 1 7 1 8 2 0 2 1 2 2 2 3 2 4 2 5 2 6 2 7 2 8 3 0 3 1 3 2 3 3 3 4 4 0 4 1 4 2 4 3 4 4 5 0 5 1 5 2 6 0 6 1 6 2 7 0 7 1 7 2 8 0 8 1 8 2 9 0 10 0
1  -4.03555178355459361e+02 -1.29461468025766635e+00 3.78527523239029051e-01 2.70392701209402730e-01 3.52377614913166326e-02 1.51208511075708429e-01 2.79158553749994098e-02 1.22447703861894297e-02 6.18178877090258538e-03 6.71864346231245690e-02 1.70714914648897320e-02 7.89919682159734293e-03 5.75780408598802751e-03 3.57186238164786118e-03 2.53257752575564155e-03 1.74409022372401523e-03 1.34858767955847725e-03 -1.29050685155817746e+00 -7.83188102018414156e-01 1.59567220333030946e-01 2.28326945549014226e-01 1.27950426464451539e-02 1.25697447541313068e-01 1.59877340415448543e-02 4.34273159456211033e-03 2.17321400418768462e-03 3.80570561117451689e-01 1.59567221059035091e-01 -2.30622584657567131e-02 -4.41636268062950421e-02 -2.26988698733521232e-03 -2.88372368214879771e-02 -5.76236899092918975e-03 -1.05751149345678641e-03 -3.72414980859048228e-04 2.72446615622243371e-01 2.28326945485918031e-01 -4.41636270851688550e-02 -6.14486055070528892e-02 -4.46780908387722775e-03 3.54746132715604290e-02 1.27950423790821333e-02 -2.26988721408361016e-03 -4.46780905865296063e-03 -1.63742923376730687e-04 1.51208511131301293e-01 1.25697447446313504e-01 -2.88372367667335538e-02 2.62245415072470678e-02 1.59877339713290212e-02 -5.76236750866598868e-03 1.23110777882402544e-02 4.34273153251751864e-03 -1.05751167120615719e-03 6.26327316365404840e-03 2.17321388828395357e-03 -3.72415020535754593e-04 6.71864348572057679e-02 1.70714914630707426e-02
0
0
1 0
0 4 5 6 8 10 12 14 16 18 18 18 18 18 18 18 18 18 21 22 23 25 27 27 27 27 27 30 31 32 34 36 36 36 36 36 40 41 42 42 42 46 47 48 48 48 52 52 52 54 54 54 56 56 56 58 58 58 58 58
17 26 1 2 3 4 5 6 7 8 9 10 11 12 13 14 15 16 35 18 19 20 21 22 23 24 25 40 27 28 29 30 31 32 33 34 45 48 36 37 38 39 51 54 41 42 43 44 57 58 46 47 49 50 52 53 55 56
1 59 1 -4.03555178355459361e+02 -4.04849793035717028e+02 -4.03176650832220332e+02 -4.03932092994378820e+02 -4.03330676832348558e+02 -4.04239734503972215e+02 -4.03715719819544063e+02 -4.03430682823517770e+02 -4.03247482043513514e+02 -4.04477577335221497e+02 -4.04068842257710571e+02 -4.03816007210139844e+02 -4.03629691283415752e+02 -4.03489358727106946e+02 -4.03378147250407380e+02 -4.03287335347707312e+02 -4.03210717850187336e+02 -4.04845685207017539e+02 -4.06923487989293619e+02 -4.04307590463445479e+02 -4.05385866951397190e+02 -4.04528605031093775e+02 -4.05877771511728383e+02 -4.05071872489790792e+02 -4.04670557617074905e+02 -4.04409742744494508e+02 -4.03174607794341910e+02 -4.04309655253540541e+02 -4.02819142529568637e+02 -4.03515902449538146e+02 -4.02963907287451320e+02 -4.03790407577285123e+02 -4.03323101635555929e+02 -4.03058070282003882e+02 -4.02885715534719907e+02 -4.03927985165616178e+02 -4.05385866951397134e+02 -4.03513837659295859e+02 -4.04333818490029785e+02 -4.03683743938725343e+02 -4.03329418461629075e+02 -4.04531454488978170e+02 -4.02964691954837008e+02 -4.03686593396555963e+02 -4.03113116133158826e+02 -4.04235626675185586e+02 -4.05877771511767776e+02 -4.03788342787006059e+02 -4.03715357219030523e+02 -4.05075617718078490e+02 -4.03324782071759500e+02 -4.03429987330755921e+02 -4.04673969953026813e+02 -4.03059417827411608e+02 -4.03245749854821838e+02 -4.04412118384207417e+02 -4.02886026384059733e+02 -4.04473469506244328e+02 -4.04064734428937811e+02
custom
2.00000000000000011e-01 3.00000000000000000e+00
2.00000000000000011e-01 3.00000000000000000e+00
TASMANIAN SG end
