TASMANIAN SG 4.0
WARNING: do not edit this manually
localpolynomial
2 1 1 4
localp
1 2 59 0 0 0 1 0 2 0 3 0 4 0 5 0 6 0 7 0 8 0 9 0 10 0 11 0 12 0 13 0 14 0 15 0 16 1 0 1 1 1 2 1 3 1 4 1 5 1 6 1 7 1 8 2 0 2 1 2 2 2 3 2 4 2 5 2 6 2 7 2 8 3 0 3 1 3 2 3 3 3 4 4 0 4 1 4 2 4 3 4 4 5 0 5 1 5 2 6 0 6 1 6 2 7 0 7 1 7 2 8 0 8 1 8 2 9 0 10 0
1  -4.59754368597364760e+02 -1.02141120623014103e+00 3.03714501426270544e-01 2.11135213634975116e-01 2.81073384479100241e-02 1.18620590863486086e-01 2.18465451222868978e-02 9.71382595378145197e-03 4.94000096728086646e-03 5.22134616581979571e-02 1.32786296047697761e-02 6.13129390558242449e-03 4.52581363083481847e-03 2.80516684352960510e-03 2.02823006492280911e-03 1.39198493502590281e-03 1.08130660953520419e-03 -1.01736016533430984e+00 -6.07734862322047320e-01 1.25649113752842823e-01 1.74409614758388898e-01 1.01302455448148976e-02 9.45424346183472153e-02 1.26396848961292108e-02 3.44118030449180878e-03 1.72131210428005943e-03 3.05666803002566212e-01 1.25649114352427205e-01 -1.88017807320761676e-02 -3.47841976370091288e-02 -1.89124503000925870e-03 -2.32908812046730418e-02 -4.39477080357164596e-03 -8.83459479382509016e-04 -3.02890698520741353e-04 2.13160734122993745e-01 1.74409614711720451e-01 -3.47841978885128356e-02 -4.50355553843166945e-02 -3.55268414962495171e-03 2.82916184048644936e-02 1.01302453871596754e-02 -1.89124523487294027e-03 -3.55268441653322498e-03 -1.23819466608665607e-04 1.18620590906289181e-01 9.45424345465681881e-02 -2.32908811628220747e-02 2.02904432508717036e-02 1.26396848472580814e-02 -4.39476979393305101e-03 9.76045181892004621e-03 3.44118025118689275e-03 -8.83459625569571472e-04 5.02476373509352925e-03 1.72131201121317190e-03 -3.02890721812332231e-04 5.22134618400400541e-02 1.32786296018707617e-02
0
0
1 0
0 4 5 6 8 10 12 14 16 18 18 18 18 18 18 18 18 18 21 22 23 25 27 27 27 27 27 30 31 32 34 36 36 36 36 36 40 41 42 42 42 46 47 48 48 48 52 52 52 54 54 54 56 56 56 58 58 58 58 58
17 26 1 2 3 4 5 6 7 8 9 10 11 12 13 14 15 16 35 18 19 20 21 22 23 24 25 40 27 28 29 30 31 32 33 34 45 48 36 37 38 39 51 54 41 42 43 44 57 58 46 47 49 50 52 53 55 56
1 59 1 -4.59754368597364760e+02 -4.60775779803594901e+02 -4.59450654095938489e+02 -4.60053938986844855e+02 -4.59574404008203715e+02 -4.60296238804356392e+02 -4.59882307246982521e+02 -4.59654672476830456e+02 -4.59507589051103821e+02 -4.60483795842317477e+02 -4.60161810265995825e+02 -4.59961991823008020e+02 -4.59813812108542834e+02 -4.59701715370254078e+02 -4.59612510012452162e+02 -4.59539604544718713e+02 -4.59478040266911648e+02 -4.60771728762699070e+02 -4.62400874831251258e+02 -4.60342365147519956e+02 -4.61200756968581800e+02 -4.60518809371116788e+02 -4.61587652874434696e+02 -4.60951756635622019e+02 -4.60632114060649599e+02 -4.60423925946246868e+02 -4.59448701794362194e+02 -4.60344463886239907e+02 -4.59163789073667999e+02 -4.59720231824303085e+02 -4.59280029340597196e+02 -4.59937018145612683e+02 -4.59567015035013924e+02 -4.59355535201005239e+02 -4.59217272096863837e+02 -4.60049887945908893e+02 -4.61200756968588394e+02 -4.59718133085494742e+02 -4.60372017991618804e+02 -4.59854390738631139e+02 -4.59573243577458584e+02 -4.60521699981125380e+02 -4.59280821211633281e+02 -4.59857281348892059e+02 -4.59399994498079650e+02 -4.60292187763397692e+02 -4.61587652874466926e+02 -4.59934919406763868e+02 -4.59881837828385983e+02 -4.60955338257993503e+02 -4.59568497917259663e+02 -4.59654045635592752e+02 -4.60635538260290048e+02 -4.59356860661592521e+02 -4.59505947922175324e+02 -4.60426335857936351e+02 -4.59217583269637373e+02 -4.60479744801208369e+02 -4.60157759225051450e+02
custom
2.00000000000000011e-01 3.00000000000000000e+00
2.00000000000000011e-01 3.00000000000000000e+00
TASMANIAN SG end
