TASMANIAN SG 4.0
WARNING: do not edit this manually
localpolynomial
2 1 1 4
localp
1 2 59 0 0 0 1 0 2 0 3 0 4 0 5 0 6 0 7 0 8 0 9 0 10 0 11 0 12 0 13 0 14 0 15 0 16 1 0 1 1 1 2 1 3 1 4 1 5 1 6 1 7 1 8 2 0 2 1 2 2 2 3 2 4 2 5 2 6 2 7 2 8 3 0 3 1 3 2 3 3 3 4 4 0 4 1 4 2 4 3 4 4 5 0 5 1 5 2 6 0 6 1 6 2 7 0 7 1 7 2 8 0 8 1 8 2 9 0 10 0
1  -5.69435739178008475e+02 -5.01523203363490211e-01 1.56617936529755752e-01 1.00648009180645204e-01 1.41806859752477976e-02 5.70301224014428954e-02 1.04347846015571122e-02 4.79307224247804697e-03 2.52036161498381261e-03 2.45067193621935075e-02 6.27678344642390584e-03 2.86540258991863084e-03 2.19384229956176569e-03 1.35047993705939007e-03 1.02847295227093127e-03 7.11167141048463236e-04 5.53230831769724318e-04 -4.98368712338674413e-01 -2.83728861267832144e-01 6.14287302463480955e-02 7.73988673345797906e-02 5.07031276441693990e-03 4.02279361427986260e-02 6.17338929191646457e-03 1.74553332061577748e-03 8.54765049552952405e-04 1.57973124736486170e-01 6.14287305569405362e-02 -1.00964707100956730e-02 -1.71098022953515283e-02 -1.04116950490151794e-03 -1.18656585180474394e-02 -1.97348027927546354e-03 -4.70360775238987117e-04 -1.64330281904767617e-04 1.02225254700329060e-01 7.73988673144572203e-02 -1.71098023633362573e-02 -1.77290707968040806e-02 -1.79563656087111667e-03 1.42092344816546756e-02 5.07031279624925446e-03 -1.04116959033717649e-03 -1.79563724839226779e-03 -5.00088309252078034e-05 5.70301224211107183e-02 4.02279361120747581e-02 -1.18656584993175329e-02 9.45019810080793832e-03 6.17338927563082507e-03 -1.97347996063967912e-03 4.79319115254384087e-03 1.74553327278204051e-03 -4.70360837113048547e-04 2.58141130348121806e-03 8.54765004106639026e-04 -1.64330286878566767e-04 2.45067194476860095e-02 6.27678344312698755e-03
0
0
1 0
0 4 5 6 8 10 12 14 16 18 18 18 18 18 18 18 18 18 21 22 23 25 27 27 27 27 27 30 31 32 34 36 36 36 36 36 40 41 42 42 42 46 47 48 48 48 52 52 52 54 54 54 56 56 56 58 58 58 58 58
17 26 1 2 3 4 5 6 7 8 9 10 11 12 13 14 15 16 35 18 19 20 21 22 23 24 25 40 27 28 29 30 31 32 33 34 45 48 36 37 38 39 51 54 41 42 43 44 57 58 46 47 49 50 52 53 55 56
1 59 1 -5.69435739178008475e+02 -5.69937262381371966e+02 -5.69279121241478720e+02 -5.69585852770509518e+02 -5.69343249523768350e+02 -5.69704527453539299e+02 -5.69500361189657497e+02 -5.69384701278645935e+02 -5.69308665021008551e+02 -5.69796388198093382e+02 -5.69638913328577928e+02 -5.69540241577493589e+02 -5.69465856341533481e+02 -5.69408869748390089e+02 -5.69362946928254928e+02 -5.69325246105247402e+02 -5.69293339900411866e+02 -5.69934107890347150e+02 -5.70719359954978472e+02 -5.69716061223571046e+02 -5.70148687046147643e+02 -5.69805833558219433e+02 -5.70336765442018759e+02 -5.70024789294353923e+02 -5.69863432118720198e+02 -5.69757572264230703e+02 -5.69277766053271989e+02 -5.69717860526078539e+02 -5.69131244587452329e+02 -5.69414275082789914e+02 -5.69191365803891813e+02 -5.69520903340550944e+02 -5.69337559263708727e+02 -5.69230243217114548e+02 -5.69158949164338992e+02 -5.69582698279477540e+02 -5.70148687046160376e+02 -5.69412475780187833e+02 -5.69744074290767912e+02 -5.69482666824036073e+02 -5.69342543381158634e+02 -5.69808281906447291e+02 -5.69192014849574207e+02 -5.69485115173018471e+02 -5.69253669022974577e+02 -5.69701372962491178e+02 -5.70336765442036267e+02 -5.69519104037957732e+02 -5.69499768530642200e+02 -5.70027351126389703e+02 -5.69338321792693137e+02 -5.69384348088430897e+02 -5.69866233419484274e+02 -5.69231245215210947e+02 -5.69307573305911887e+02 -5.69759635039955356e+02 -5.69159212637496580e+02 -5.69793233706971478e+02 -5.69635758837541289e+02
custom
2.00000000000000011e-01 3.00000000000000000e+00
2.00000000000000011e-01 3.00000000000000000e+00
TASMANIAN SG end
