TASMANIAN SG 4.0
WARNING: do not edit this manually
localpolynomial
2 1 1 4
localp
1 2 59 0 0 0 1 0 2 0 3 0 4 0 5 0 6 0 7 0 8 0 9 0 10 0 11 0 12 0 13 0 14 0 15 0 16 1 0 1 1 1 2 1 3 1 4 1 5 1 6 1 7 1 8 2 0 2 1 2 2 2 3 2 4 2 5 2 6 2 7 2 8 3 0 3 1 3 2 3 3 3 4 4 0 4 1 4 2 4 3 4 4 5 0 5 1 5 2 6 0 6 1 6 2 7 0 7 1 7 2 8 0 8 1 8 2 9 0 10 0
1  -1.28822115379588666e+02 -1.09059866174021636e-01 3.91210466143263602e-02 2.14775138419156519e-02 2.64334642773178530e-03 1.17757995440115337e-02 2.05726201792799657e-03 8.77188050509403183e-04 4.93224366266531433e-04 5.40382966627817041e-03 1.38363092517579389e-03 6.51368009386033009e-04 3.86894025666606467e-04 2.53346315957969637e-04 1.84020605360046829e-04 1.37360336907477176e-04 1.08701182227832760e-04 -1.08992922716794283e-01 -8.87786053205843473e-02 2.17649936932104993e-02 2.15946801965145596e-02 2.12806955583744184e-03 1.18373244495018071e-02 1.89946765132731343e-03 7.28056261237952640e-04 3.72222465372828992e-04 3.91477221753291360e-02 2.17649985720811401e-02 -7.22383995491782116e-03 -4.31987544108380916e-03 -5.83605806411924277e-04 -2.34783706177665863e-03 -4.59186027853775158e-04 -1.96862798134134209e-04 -1.09343513514659207e-04 2.15109861041753447e-02 2.15946803606783533e-02 -4.31987703662173317e-03 -5.67515960513276241e-03 -4.76706994206210766e-04 2.64691657682192272e-03 2.12806615739680183e-03 -5.83607629820903639e-04 -4.76707739878179382e-04 -5.58433609896269445e-05 1.17758013741138257e-02 1.18373231203818818e-02 -2.34783742194366596e-03 2.00974721775537546e-03 1.89946573404853325e-03 -4.59189948891491895e-04 8.78499772596796902e-04 7.28060565215571387e-04 -1.96864422953524354e-04 4.93799309708720102e-04 3.72219254792582888e-04 -1.09370253674967444e-04 5.40382918575232907e-03 1.38363095294380400e-03
0
0
1 0
0 4 5 6 8 10 12 14 16 18 18 18 18 18 18 18 18 18 21 22 23 25 27 27 27 27 27 30 31 32 34 36 36 36 36 36 40 41 42 42 42 46 47 48 48 48 52 52 52 54 54 54 56 56 56 58 58 58 58 58
17 26 1 2 3 4 5 6 7 8 9 10 11 12 13 14 15 16 35 18 19 20 21 22 23 24 25 40 27 28 29 30 31 32 33 34 45 48 36 37 38 39 51 54 41 42 43 44 57 58 46 47 49 50 52 53 55 56
1 59 1 -1.28822115379588666e+02 -1.28931175245762688e+02 -1.28782994332974340e+02 -1.28855167798833747e+02 -1.28799911509853757e+02 -1.28881395722754235e+02 -1.28836584327193265e+02 -1.28810136256670717e+02 -1.28790959697047811e+02 -1.28900881654592183e+02 -1.28866898129868815e+02 -1.28845224695004106e+02 -1.28828962959365299e+02 -1.28815872471813748e+02 -1.28804839862656848e+02 -1.28795298243113876e+02 -1.28786868313828847e+02 -1.28931108302305461e+02 -1.29128946773800067e+02 -1.28870222261997924e+02 -1.28986955344014348e+02 -1.28895893866168109e+02 -1.29034337934913708e+02 -1.28955075093490620e+02 -1.28911895839925052e+02 -1.28882192617251405e+02 -1.28782967657413337e+02 -1.28870262525015278e+02 -1.28751070450753929e+02 -1.28809457452813461e+02 -1.28764959313462299e+02 -1.28830432026432135e+02 -1.28794614479123311e+02 -1.28773283160185457e+02 -1.28757631001255390e+02 -1.28855100854842874e+02 -1.28986955343316538e+02 -1.28809417188418593e+02 -1.28894428404744644e+02 -1.28829028347419296e+02 -1.28799894601924166e+02 -1.28895943902654750e+02 -1.28764969082917133e+02 -1.28829078383907984e+02 -1.28780136142257135e+02 -1.28881328777200054e+02 -1.29034337934063785e+02 -1.28830391761256067e+02 -1.28836598369998029e+02 -1.28955156081587802e+02 -1.28794655203427595e+02 -1.28810126490983833e+02 -1.28911953013870914e+02 -1.28773300072596101e+02 -1.28790937330359043e+02 -1.28882237195270505e+02 -1.28757635337779504e+02 -1.28900814710566976e+02 -1.28866831185068520e+02
custom
2.00000000000000011e-01 3.00000000000000000e+00
2.00000000000000011e-01 3.00000000000000000e+00
TASMANIAN SG end
