TASMANIAN SG 4.0
WARNING: do not edit this manually
localpolynomial
2 1 1 4
localp
1 2 59 0 0 0 1 0 2 0 3 0 4 0 5 0 6 0 7 0 8 0 9 0 10 0 11 0 12 0 13 0 14 0 15 0 16 1 0 1 1 1 2 1 3 1 4 1 5 1 6 1 7 1 8 2 0 2 1 2 2 2 3 2 4 2 5 2 6 2 7 2 8 3 0 3 1 3 2 3 3 3 4 4 0 4 1 4 2 4 3 4 4 5 0 5 1 5 2 6 0 6 1 6 2 7 0 7 1 7 2 8 0 8 1 8 2 9 0 10 0
1  -3.33299448234949807e+02 -1.64082504232152360e+00 4.71652691631675225e-01 3.46383825504688048e-01 4.41388095994170726e-02 1.92603146967030625e-01 3.56442409618580314e-02 1.53974502425739956e-02 7.73130377643838074e-03 8.64531266434482859e-02 2.19682032556534068e-02 1.01684402513342320e-02 7.32460785036437301e-03 4.53976069752570766e-03 3.15697726313146632e-03 2.18796384075403694e-03 1.67870024699823261e-03 -1.63692625899085442e+00 -1.00918799194829489e+00 2.02667079862749233e-01 2.98677945499690622e-01 1.61810923263487894e-02 1.67119118371630293e-01 2.01834132437284097e-02 5.50522238918915718e-03 2.74334010649113225e-03 4.73648538392637874e-01 2.02667080713752057e-01 -2.82582934175366063e-02 -5.61803974817109975e-02 -2.70189164027101469e-03 -3.54461942502837246e-02 -7.56504076883857124e-03 -1.23558169556758912e-03 -4.58435114410349343e-04 3.48333217266088013e-01 2.98677945414482338e-01 -5.61803977260240117e-02 -8.38433337319770544e-02 -5.64202200324359637e-03 4.44094464402837730e-02 1.61810919165930045e-02 -2.70189185087588157e-03 -5.64202154683357548e-03 -2.12903337654779534e-04 1.92603147039619671e-01 1.67119118245651066e-01 -3.54461941785615409e-02 3.39240403411622538e-02 2.01834131424192265e-02 -7.56503859601309614e-03 1.54812705785616345e-02 5.50522230982153360e-03 -1.23558188884942410e-03 7.80130003244039472e-03 2.74333996439679595e-03 -4.58435184512495653e-04 8.64531269445478756e-02 2.19682032559376239e-02
0
0
1 0
0 4 5 6 8 10 12 14 16 18 18 18 18 18 18 18 18 18 21 22 23 25 27 27 27 27 27 30 31 32 34 36 36 36 36 36 40 41 42 42 42 46 47 48 48 48 52 52 52 54 54 54 56 56 56 58 58 58 58 58
17 26 1 2 3 4 5 6 7 8 9 10 11 12 13 14 15 16 35 18 19 20 21 22 23 24 25 40 27 28 29 30 31 32 33 34 45 48 36 37 38 39 51 54 41 42 43 44 57 58 46 47 49 50 52 53 55 56
1 59 1 -3.33299448234949807e+02 -3.34940273277271331e+02 -3.32827795543318132e+02 -3.33773476930605909e+02 -3.33019483079534552e+02 -3.34164271956971618e+02 -3.33500818341815943e+02 -3.33144068206999577e+02 -3.32915908007649932e+02 -3.34465819490477998e+02 -3.33946906240533110e+02 -3.33626979195959564e+02 -3.33392808680532482e+02 -3.33217218460277195e+02 -3.33078618666003990e+02 -3.32965507579751431e+02 -3.32870173075237062e+02 -3.34936374493940662e+02 -3.37586387528210480e+02 -3.34262054722446237e+02 -3.35616319240071164e+02 -3.34538894706267683e+02 -3.36241631118802161e+02 -3.35220519212800298e+02 -3.34716731927472381e+02 -3.34390000070474002e+02 -3.32825799696557169e+02 -3.34263957658164941e+02 -3.32382405298343031e+02 -3.33254675249338106e+02 -3.32562665579490954e+02 -3.33602159501034805e+02 -3.33012158272754561e+02 -3.32680070769477084e+02 -3.32465262570254993e+02 -3.33769578147179118e+02 -3.35616319240060363e+02 -3.33252772313342120e+02 -3.34281069229097170e+02 -3.33464587896501257e+02 -3.33018214519313233e+02 -3.34541524929361231e+02 -3.32563392866241145e+02 -3.33467218119120218e+02 -3.32748228732335576e+02 -3.34160373173520270e+02 -3.36241631118850137e+02 -3.33600256565033135e+02 -3.33500589150723329e+02 -3.35224188805182223e+02 -3.33013924926584991e+02 -3.33143350106552930e+02 -3.34719912610427912e+02 -3.32681348516089940e+02 -3.32914205807902761e+02 -3.34392196653766291e+02 -3.32465556217444146e+02 -3.34461920706785861e+02 -3.33943007457093756e+02
custom
2.00000000000000011e-01 3.00000000000000000e+00
2.00000000000000011e-01 3.00000000000000000e+00
TASMANIAN SG end
