TASMANIAN SG 4.0
WARNING: do not edit this manually
localpolynomial
2 1 1 4
localp
1 2 59 0 0 0 1 0 2 0 3 0 4 0 5 0 6 0 7 0 8 0 9 0 10 0 11 0 12 0 13 0 14 0 15 0 16 1 0 1 1 1 2 1 3 1 4 1 5 1 6 1 7 1 8 2 0 2 1 2 2 2 3 2 4 2 5 2 6 2 7 2 8 3 0 3 1 3 2 3 3 3 4 4 0 4 1 4 2 4 3 4 4 5 0 5 1 5 2 6 0 6 1 6 2 7 0 7 1 7 2 8 0 8 1 8 2 9 0 10 0
1  -5.04709411675633532e+02 -8.05832396876041912e-01 2.43621931587881591e-01 1.64904127670411071e-01 2.23984786960613746e-02 9.29891339748110113e-02 1.70857265373456357e-02 7.68937429882043944e-03 3.94701239713413088e-03 4.05773219836760290e-02 1.03368775534136148e-02 4.75740595942397704e-03 3.55660927391454607e-03 2.20012871187691417e-03 1.62096516066867480e-03 1.11215734165170943e-03 8.65634332853915112e-04 -8.02003069644911193e-01 -4.71528585700468739e-01 9.89593337415044516e-02 1.33125237436132693e-01 8.03176440746256048e-03 7.11094148784638946e-02 9.97326037355605877e-03 2.73702028121647345e-03 1.36310805217476627e-03 2.45404733347299953e-01 9.89593342271746224e-02 -1.53071202049659405e-02 -2.74355716326226684e-02 -1.56232242903797669e-03 -1.86959026552813157e-02 -3.35774329488458534e-03 -7.24944240062086465e-04 -2.46805829760887718e-04 1.66818791310447523e-01 1.33125237401372942e-01 -2.74355718286187766e-02 -3.30064648047283526e-02 -2.83041409727502469e-03 2.25255685311935849e-02 8.03176433231556075e-03 -1.56232259598709788e-03 -2.83041456194155217e-03 -9.22697824137230782e-05 9.29891340076665074e-02 7.11094148244058033e-02 -1.86959026229658321e-02 1.57134451986848944e-02 9.97326033976264625e-03 -3.35774260756238618e-03 7.71766078287328128e-03 2.73702023179112075e-03 -7.24944353294176835e-04 4.02802065320884140e-03 1.36310797847727372e-03 -2.46805843971742433e-04 4.05773221251024552e-02 1.03368775500030097e-02
0
0
1 0
0 4 5 6 8 10 12 14 16 18 18 18 18 18 18 18 18 18 21 22 23 25 27 27 27 27 27 30 31 32 34 36 36 36 36 36 40 41 42 42 42 46 47 48 48 48 52 52 52 54 54 54 56 56 56 58 58 58 58 58
17 26 1 2 3 4 5 6 7 8 9 10 11 12 13 14 15 16 35 18 19 20 21 22 23 24 25 40 27 28 29 30 31 32 33 34 45 48 36 37 38 39 51 54 41 42 43 44 57 58 46 47 49 50 52 53 55 56
1 59 1 -5.04709411675633532e+02 -5.05515244072509574e+02 -5.04465789744045651e+02 -5.04947423746401171e+02 -5.04565202231143530e+02 -5.05138344775480562e+02 -5.04811331984479978e+02 -5.04629617579089768e+02 -5.04511548975197456e+02 -5.05286217102011392e+02 -5.05032547383387396e+02 -5.04874620459481207e+02 -5.04756815220782869e+02 -5.04667314498649773e+02 -5.04595788939955924e+02 -5.04537263445828842e+02 -5.04487803725288700e+02 -5.05511414745278444e+02 -5.06788775727854954e+02 -5.05168833479949058e+02 -5.05852065871460127e+02 -5.05309693869510227e+02 -5.06156322250804294e+02 -5.05654681321458384e+02 -5.05400127912814355e+02 -5.05233953554280276e+02 -5.04464006942286233e+02 -5.05170880004935100e+02 -5.04235692130903317e+02 -5.04679974917572906e+02 -5.04329013380327751e+02 -5.04851134229934473e+02 -5.04558262946687080e+02 -5.04389545731248290e+02 -5.04278652549048104e+02 -5.04943594419145541e+02 -5.05852065871470415e+02 -5.04677928392515526e+02 -5.05199369863724201e+02 -5.04787177459028044e+02 -5.04564183740428689e+02 -5.05312504705858828e+02 -5.04329777691539277e+02 -5.04789988295851572e+02 -5.04425455668284883e+02 -5.05134515448204297e+02 -5.06156322250830613e+02 -5.04849087704847591e+02 -5.04810789602190880e+02 -5.05657968266451576e+02 -5.04559503365689466e+02 -5.04629080047248294e+02 -5.05403419708169565e+02 -5.04390791001362857e+02 -5.04510067320704252e+02 -5.05236301226765306e+02 -5.04278953696412088e+02 -5.05282387774616325e+02 -5.05028718056124887e+02
custom
2.00000000000000011e-01 3.00000000000000000e+00
2.00000000000000011e-01 3.00000000000000000e+00
TASMANIAN SG end
