TASMANIAN SG 4.0
WARNING: do not edit this manually
localpolynomial
2 1 1 4
localp
1 2 59 0 0 0 1 0 2 0 3 0 4 0 5 0 6 0 7 0 8 0 9 0 10 0 11 0 12 0 13 0 14 0 15 0 16 1 0 1 1 1 2 1 3 1 4 1 5 1 6 1 7 1 8 2 0 2 1 2 2 2 3 2 4 2 5 2 6 2 7 2 8 3 0 3 1 3 2 3 3 3 4 4 0 4 1 4 2 4 3 4 4 5 0 5 1 5 2 6 0 6 1 6 2 7 0 7 1 7 2 8 0 8 1 8 2 9 0 10 0
1  1.00866779510299622e+01 -1.37881303172619596e-01 4.89231271333174789e-02 2.74504088952927106e-02 3.31123503750418990e-03 1.49423656427387641e-02 2.57299181259540433e-03 1.09446711773131256e-03 6.14135685466976611e-04 6.95345628862042986e-03 1.78713040685529734e-03 8.33700969389283841e-04 4.88131906442035302e-04 3.22780083816809338e-04 2.30431105082473664e-04 1.73356290938286861e-04 1.35505849179651250e-04 -1.37881303695486679e-01 -1.14683304096338645e-01 2.75990596100754715e-02 2.82818955861596777e-02 2.71151981170625334e-03 1.57381272132353089e-02 2.46104358123044875e-03 9.34755719339541713e-04 4.75767264540571944e-04 4.89231206015929843e-02 2.75990653983342327e-02 -9.07266385661742447e-03 -5.50171222691808737e-03 -7.33211689805557398e-04 -2.83801392008609099e-03 -5.63242212957781874e-04 -2.43209736875193983e-04 -1.35040119038087880e-04 2.74504093682335082e-02 2.82818950347341058e-02 -5.50171607445903987e-03 -7.74346646432633179e-03 -6.11038492664306432e-04 3.31123830342505698e-03 2.71151639577915660e-03 -7.33218221609988063e-04 -6.11039941946778242e-04 -6.99746277454948995e-05 1.49423659313878687e-02 1.57381269523169109e-02 -2.83801478826273268e-03 2.57299170677960376e-03 2.46104338760222419e-03 -5.63245388826238980e-04 1.09446713725702693e-03 9.34755437475232043e-04 -2.43213166937650271e-04 6.14138956359866484e-04 4.75763288058317357e-04 -1.35087922778609482e-04 6.95345670258262771e-03 1.78713023777632429e-03
0
0
1 0
0 4 5 6 8 10 12 14 16 18 18 18 18 18 18 18 18 18 21 22 23 25 27 27 27 27 27 30 31 32 34 36 36 36 36 36 40 41 42 42 42 46 47 48 48 48 52 52 52 54 54 54 56 56 56 58 58 58 58 58
17 26 1 2 3 4 5 6 7 8 9 10 11 12 13 14 15 16 35 18 19 20 21 22 23 24 25 40 27 28 29 30 31 32 33 34 45 48 36 37 38 39 51 54 41 42 43 44 57 58 46 47 49 50 52 53 55 56
1 59 1 1.00866779510299622e+01 9.94879664785734263e+00 1.01356010781632797e+01 1.00451877083389451e+01 1.01144507496341252e+01 1.00119345437408818e+01 1.00685058214970500e+01 1.01016588174497759e+01 1.01256400495841703e+01 9.98731905208773263e+00 1.00303482564467696e+01 1.00576804658873868e+01 1.00780800181699473e+01 1.00944911643236850e+01 1.01082852146470330e+01 1.01202187559000851e+01 1.01307560697229029e+01 9.94879664733447555e+00 9.69623204006551731e+00 1.00253188340778685e+01 9.87824664818144882e+00 9.99308049555538247e+00 9.81791983697945803e+00 9.91855568315178715e+00 9.97296779428200075e+00 1.00102895677666339e+01 1.01356010716315552e+01 1.00253188338572699e+01 1.01754515349082553e+01 1.01024086494127872e+01 1.01581043266176039e+01 1.00759680933576803e+01 1.01210146101218079e+01 1.01477039565054348e+01 1.01672570263293593e+01 1.00451877085504524e+01 9.87824664836439759e+00 1.01024086494143486e+01 9.99556506868147210e+00 1.00778541354330926e+01 1.01144507496341838e+01 9.99308049555651046e+00 1.01581043266175826e+01 1.00778541354352331e+01 1.01391521926907391e+01 1.00119345438738527e+01 9.81791983709866223e+00 1.00759680928892337e+01 1.00685058214969878e+01 9.91855568320525194e+00 1.01210146101067675e+01 1.01016588174693300e+01 9.97296779428165969e+00 1.01477039563607523e+01 1.01256400495892294e+01 1.00102895669513092e+01 1.01672569817965002e+01 9.98731905230674855e+00 1.00303482564499280e+01
custom
2.00000000000000011e-01 3.00000000000000000e+00
2.00000000000000011e-01 3.00000000000000000e+00
TASMANIAN SG end
