TASMANIAN SG 4.0
WARNING: do not edit this manually
localpolynomial
2 1 1 4
localp
1 2 59 0 0 0 1 0 2 0 3 0 4 0 5 0 6 0 7 0 8 0 9 0 10 0 11 0 12 0 13 0 14 0 15 0 16 1 0 1 1 1 2 1 3 1 4 1 5 1 6 1 7 1 8 2 0 2 1 2 2 2 3 2 4 2 5 2 6 2 7 2 8 3 0 3 1 3 2 3 3 3 4 4 0 4 1 4 2 4 3 4 4 5 0 5 1 5 2 6 0 6 1 6 2 7 0 7 1 7 2 8 0 8 1 8 2 9 0 10 0
1  -2.45471354619033036e+02 -2.07951988345203631e+00 5.87562249823179172e-01 4.43888385643333550e-01 5.52469151928960400e-02 2.45133599640070088e-01 4.54726878553515235e-02 1.93100738885618739e-02 9.65817337436192247e-03 1.11244823600230802e-01 2.82993031991622956e-02 1.30709952630070347e-02 9.31869526317541386e-03 5.75632172078144322e-03 3.93130713166556234e-03 2.74771000013629418e-03 2.08575817470091351e-03 -2.07623618102235241e+00 -1.30029251511086841e+00 2.57421763530601311e-01 3.90381852187260847e-01 2.04825072479764003e-02 2.22190663633682561e-01 2.54319496538926160e-02 7.01507150238001032e-03 3.46369322765838206e-03 5.89288121263336961e-01 2.57421764479772719e-01 -3.46056126396376840e-02 -7.16446611471042161e-02 -3.19433364121834984e-03 -4.31929274033677757e-02 -9.93741931341673990e-03 -1.39570360269658522e-03 -5.63137297078242227e-04 4.45530237001491969e-01 3.90381852071612911e-01 -7.16446612787819959e-02 -1.14399743389881792e-01 -7.17486265067179829e-03 5.55110407964036767e-02 2.04825066901150876e-02 -3.19433378115263622e-03 -7.17486197622463351e-03 -2.72414129661058269e-04 2.45133599735254393e-01 2.22190663466150795e-01 -4.31929273099029842e-02 4.39208384102016680e-02 2.54319495082455660e-02 -9.93741613361009968e-03 1.94015220923802190e-02 7.01507136500367778e-03 -1.39570376487085923e-03 9.70919069123965528e-03 3.46369302039306604e-03 -5.63137424933302100e-04 1.11244823987675545e-01 2.82993032030844915e-02
0
0
1 0
0 4 5 6 8 10 12 14 16 18 18 18 18 18 18 18 18 18 21 22 23 25 27 27 27 27 27 30 31 32 34 36 36 36 36 36 40 41 42 42 42 46 47 48 48 48 52 52 52 54 54 54 56 56 56 58 58 58 58 58
17 26 1 2 3 4 5 6 7 8 9 10 11 12 13 14 15 16 35 18 19 20 21 22 23 24 25 40 27 28 29 30 31 32 33 34 45 48 36 37 38 39 51 54 41 42 43 44 57 58 46 47 49 50 52 53 55 56
1 59 1 -2.45471354619033036e+02 -2.47550874502485073e+02 -2.44883792369209857e+02 -2.46067226175115735e+02 -2.45122326578928551e+02 -2.46563916739160334e+02 -2.45723817709219020e+02 -2.45277530525092232e+02 -2.44993401300694813e+02 -2.46946150797222458e+02 -2.46287272153938858e+02 -2.45882450946904356e+02 -2.45588267468862853e+02 -2.45368686250341852e+02 -2.45195997244878725e+02 -2.45055116229811574e+02 -2.44936511076777634e+02 -2.47547590800055389e+02 -2.50927403198618293e+02 -2.46702606786701608e+02 -2.48403226761506232e+02 -2.47049369370937626e+02 -2.49197990716788524e+02 -2.47904504143271566e+02 -2.47272154940105594e+02 -2.46862866212217568e+02 -2.44882066497769699e+02 -2.46704164616741963e+02 -2.44329109860586158e+02 -2.45420871832759616e+02 -2.44553535597626251e+02 -2.45860577552514087e+02 -2.45115933896722709e+02 -2.44699886677412110e+02 -2.44432227693028892e+02 -2.46063942472542720e+02 -2.48403226761478578e+02 -2.45419314002233023e+02 -2.46708905048663581e+02 -2.45683314931221645e+02 -2.45121199517604964e+02 -2.47051526012126999e+02 -2.44554134407882742e+02 -2.45685471571772439e+02 -2.44784289628501227e+02 -2.46560633036563786e+02 -2.49197990716847045e+02 -2.45859019722041978e+02 -2.45723727707377662e+02 -2.47907697844063364e+02 -2.45117569763444834e+02 -2.45276875546226620e+02 -2.47274783663848666e+02 -2.44700957570218804e+02 -2.44991923816996064e+02 -2.46864672430722862e+02 -2.44432476080968144e+02 -2.46942867094321940e+02 -2.46283988451350183e+02
custom
2.00000000000000011e-01 3.00000000000000000e+00
2.00000000000000011e-01 3.00000000000000000e+00
TASMANIAN SG end
