TASMANIAN SG 4.0
WARNING: do not edit this manually
localpolynomial
2 1 1 4
localp
1 2 59 0 0 0 1 0 2 0 3 0 4 0 5 0 6 0 7 0 8 0 9 0 10 0 11 0 12 0 13 0 14 0 15 0 16 1 0 1 1 1 2 1 3 1 4 1 5 1 6 1 7 1 8 2 0 2 1 2 2 2 3 2 4 2 5 2 6 2 7 2 8 3 0 3 1 3 2 3 3 3 4 4 0 4 1 4 2 4 3 4 4 5 0 5 1 5 2 6 0 6 1 6 2 7 0 7 1 7 2 8 0 8 1 8 2 9 0 10 0
1  -5.92446138478132184e+02 -3.95635387328411525e-01 1.25518955868415105e-01 7.86449008244289871e-02 1.12658753597543182e-02 4.46203628629291416e-02 8.15031857189296716e-03 3.77663042354470235e-03 2.01427097533724009e-03 1.90452238471152668e-02 4.89511355056038155e-03 2.22544261475832172e-03 1.72172583688734449e-03 1.05768800938221830e-03 8.16586732412361016e-04 5.68675447993882699e-04 4.42032911223577685e-04 -3.92851564092211447e-01 -2.20035067861317657e-01 4.84186719576200630e-02 5.89587567641274291e-02 4.03614633484039587e-03 3.02571540212852597e-02 4.84330419641310073e-03 1.39751427730061550e-03 6.77118603846338374e-04 1.26659803632833246e-01 4.84186722067079245e-02 -8.17902209234944166e-03 -1.35180636526683884e-02 -8.41448021958512982e-04 -9.39351707188507135e-03 -1.51876953452756425e-03 -3.74132894535250671e-04 -1.34000678883694491e-04 8.00368124454280405e-02 5.89587567487228625e-02 -1.35180636629570472e-02 -1.29935985752638317e-02 -1.42692698938162721e-03 1.12589497933868188e-02 4.03614639998295388e-03 -8.41448073231276794e-04 -1.42692773712838061e-03 -3.68828635828322149e-05 4.46203628779358041e-02 3.02571539982352533e-02 -9.39351705736157783e-03 7.33884295095776906e-03 4.84330418535705576e-03 -1.51876931690253514e-03 3.76715332993171614e-03 1.39751422878475751e-03 -3.74132940208937725e-04 2.06325520366590354e-03 6.77118568177093039e-04 -1.34000680901635860e-04 1.90452239136220669e-02 4.89511354783189745e-03
0
0
1 0
0 4 5 6 8 10 12 14 16 18 18 18 18 18 18 18 18 18 21 22 23 25 27 27 27 27 27 30 31 32 34 36 36 36 36 36 40 41 42 42 42 46 47 48 48 48 52 52 52 54 54 54 56 56 56 58 58 58 58 58
17 26 1 2 3 4 5 6 7 8 9 10 11 12 13 14 15 16 35 18 19 20 21 22 23 24 25 40 27 28 29 30 31 32 33 34 45 48 36 37 38 39 51 54 41 42 43 44 57 58 46 47 49 50 52 53 55 56
1 59 1 -5.92446138478132184e+02 -5.92841773865460596e+02 -5.92320619522263769e+02 -5.92565311270971961e+02 -5.92372113124838165e+02 -5.92658922205353292e+02 -5.92497574555980123e+02 -5.92405349171061744e+02 -5.92344352052575687e+02 -5.92731302811559885e+02 -5.92607221624612066e+02 -5.92529217470861454e+02 -5.92470134791219152e+02 -5.92424686136587525e+02 -5.92387914561217485e+02 -5.92357663913258875e+02 -5.92332043754508618e+02 -5.92838990042224395e+02 -5.93454660497414125e+02 -5.92665052414398360e+02 -5.93009221612230704e+02 -5.92736719206616726e+02 -5.93157063537938143e+02 -5.92911112204459187e+02 -5.92782680479719716e+02 -5.92698194420928303e+02 -5.92319478674499351e+02 -5.92666695389621054e+02 -5.92202138740723285e+02 -5.92427960194888442e+02 -5.92250384280273579e+02 -5.92512100946463761e+02 -5.92367087885656474e+02 -5.92281528979857512e+02 -5.92224381240201865e+02 -5.92562527447732805e+02 -5.93009221612243209e+02 -5.92426317219548537e+02 -5.92690743849356750e+02 -5.92482565312103020e+02 -5.92371549626522324e+02 -5.92738939531347455e+02 -5.92250961629773315e+02 -5.92484785637674008e+02 -5.92300447359662599e+02 -5.92656138382100607e+02 -5.93157063537952467e+02 -5.92510457971152960e+02 -5.92496994119981537e+02 -5.92913315591715559e+02 -5.92367648297272126e+02 -5.92405076898997436e+02 -5.92785192030845224e+02 -5.92282397555628904e+02 -5.92343450895307228e+02 -5.92700077086712440e+02 -5.92224620930725564e+02 -5.92728518988248879e+02 -5.92604437801369045e+02
custom
2.00000000000000011e-01 3.00000000000000000e+00
2.00000000000000011e-01 3.00000000000000000e+00
TASMANIAN SG end
