TASMANIAN SG 4.0
WARNING: do not edit this manually
localpolynomial
2 1 1 4
localp
1 2 59 0 0 0 1 0 2 0 3 0 4 0 5 0 6 0 7 0 8 0 9 0 10 0 11 0 12 0 13 0 14 0 15 0 16 1 0 1 1 1 2 1 3 1 4 1 5 1 6 1 7 1 8 2 0 2 1 2 2 2 3 2 4 2 5 2 6 2 7 2 8 3 0 3 1 3 2 3 3 3 4 4 0 4 1 4 2 4 3 4 4 5 0 5 1 5 2 6 0 6 1 6 2 7 0 7 1 7 2 8 0 8 1 8 2 9 0 10 0
1  -6.10852715795094582e+02 -3.12095244915781223e-01 1.00564780513650476e-01 6.14562431900367301e-02 8.94114883624297363e-03 3.48905642848649222e-02 6.36453139293280401e-03 2.97290585228893178e-03 1.60967965041436400e-03 1.48008613684851298e-02 3.81918509765455383e-03 1.72970419566809142e-03 1.35045104957498552e-03 8.28487550052159349e-04 6.47099167736087111e-04 4.54483608336886391e-04 3.53175247255421709e-04 -3.09671865183645423e-01 -1.70608081562136249e-01 3.81754657837518607e-02 4.48846530318292025e-02 3.21611463766657835e-03 2.27577016904660923e-02 3.79290793927111736e-03 1.11977841214638829e-03 5.36658656926647382e-04 1.01506821746170317e-01 3.81754659856596845e-02 -6.61476015318385180e-03 -1.06792016421195513e-02 -6.76454921006097720e-04 -7.41015643706077753e-03 -1.17194296097977713e-03 -2.95991156576747017e-04 -1.09093394655701559e-04 6.26679330564456905e-02 4.48846530198352411e-02 -1.06792016028975922e-02 -9.52298075205249006e-03 -1.13123495634681603e-03 8.90831311482997990e-03 3.21611472679705912e-03 -6.76454944709803385e-04 -1.13123574459450538e-03 -2.75427651956761110e-05 3.48905642961199192e-02 2.27577016736404403e-02 -7.41015642608999769e-03 5.70434722658319515e-03 3.79290793171094265e-03 -1.17194281153842894e-03 2.95647472660220956e-03 1.11977836326104807e-03 -2.95991190512268076e-04 1.64716936262720992e-03 5.36658628959685302e-04 -1.09093394314641046e-04 1.48008614205537015e-02 3.81918509515344340e-03
0
0
1 0
0 4 5 6 8 10 12 14 16 18 18 18 18 18 18 18 18 18 21 22 23 25 27 27 27 27 27 30 31 32 34 36 36 36 36 36 40 41 42 42 42 46 47 48 48 48 52 52 52 54 54 54 56 56 56 58 58 58 58 58
17 26 1 2 3 4 5 6 7 8 9 10 11 12 13 14 15 16 35 18 19 20 21 22 23 24 25 40 27 28 29 30 31 32 33 34 45 48 36 37 38 39 51 54 41 42 43 44 57 58 46 47 49 50 52 53 55 56
1 59 1 -6.10852715795094582e+02 -6.11164811040010363e+02 -6.10752151014580932e+02 -6.10947307174362436e+02 -6.10793492256001514e+02 -6.11021168542901478e+02 -6.10893646953335519e+02 -6.10820131119695816e+02 -6.10771211955640865e+02 -6.11078188930087435e+02 -6.10980418673534359e+02 -6.10918747359653253e+02 -6.10871830923165476e+02 -6.10835594969845147e+02 -6.10806164588680758e+02 -6.10781897622212909e+02 -6.10761328309863757e+02 -6.11162387660278227e+02 -6.11645090986756145e+02 -6.11023647413980825e+02 -6.11297398427295320e+02 -6.11080860273655617e+02 -6.11413596441050345e+02 -6.11219735604454513e+02 -6.11117531282702430e+02 -6.11050107505510937e+02 -6.10751208973348412e+02 -6.11025128752278533e+02 -6.10657258952987945e+02 -6.10837391821265555e+02 -6.10695969269252942e+02 -6.10903779878924297e+02 -6.10789107808874974e+02 -6.10720912206605021e+02 -6.10675113524864742e+02 -6.10944883794629959e+02 -6.11297398427306916e+02 -6.10835910482827330e+02 -6.11046765522014539e+02 -6.10880979167529858e+02 -6.10793054071106667e+02 -6.11082845468302821e+02 -6.10696473125614261e+02 -6.10882964363080418e+02 -6.10736188219749920e+02 -6.11018745163157973e+02 -6.11413596441061827e+02 -6.10902298540534048e+02 -6.10893095447635687e+02 -6.11221607478500346e+02 -6.10789498344289086e+02 -6.10819928458374079e+02 -6.11119752001066672e+02 -6.10721651586561507e+02 -6.10770484352864855e+02 -6.11051803282299034e+02 -6.10675327963332734e+02 -6.11075765550297547e+02 -6.10977995293798813e+02
custom
2.00000000000000011e-01 3.00000000000000000e+00
2.00000000000000011e-01 3.00000000000000000e+00
TASMANIAN SG end
